3
5 2811404701958 3659326361191
-679320 348412
-739716 -238557
-763623 -398523
-571617 -320231
128821 572519
10 936746384622 1727563116327
-981548 984338
-939667 -814898
158598 906571
487201 -189745
434453 471203
55518 -772988
-82855 123709
-454528 -472725
-922931 -727024
450274 -519851
20 1058492632246 2156692961035
-153764 836173
-942137 -135683
22382 684800
923484 -522836
319240 -41202
738931 -564187
500507 -711580
-386332 -182414
202491 6280
-378939 201892
946934 -439621
-669097 -921308
-431236 -672787
665757 90914
992968 -724912
39330 -526463
-146748 672708
421022 373158
372225 -766901
-544614 46898
